*** layer config ***
{'name': 'conv2d_1', 'trainable': True, 'batch_input_shape': (None, 32, 32, 3), 'dtype': 'float32', 'filters': 32, 'kernel_size': (3, 3), 'strides': (1, 1), 'padding': 'same', 'data_format': 'channels_last', 'dilation_rate': (1, 1), 'activation': 'relu', 'use_bias': True, 'kernel_initializer': {'class_name': 'VarianceScaling', 'config': {'scale': 1.0, 'mode': 'fan_avg', 'distribution': 'uniform', 'seed': None}}, 'bias_initializer': {'class_name': 'Zeros', 'config': {}}, 'kernel_regularizer': None, 'bias_regularizer': None, 'activity_regularizer': None, 'kernel_constraint': None, 'bias_constraint': None}
*** layer weights ***
[array([[[[  1.26007006e-01,  -8.95008892e-02,  -3.92115861e-02,
            2.32214630e-01,   1.66509435e-01,   2.34686941e-01,
           -1.64691791e-01,  -1.90395229e-02,   5.47954664e-02,
            1.53007475e-03,  -5.66042494e-03,  -6.23382162e-03,
            2.76903324e-02,   2.01103568e-01,   3.24269310e-02,
            3.17546364e-05,   1.43263787e-01,   2.07375109e-01,
            3.33710581e-01,   2.86539085e-02,   1.53732449e-01,
           -1.21717085e-03,  -1.09775588e-01,  -4.12088260e-02,
            6.12535188e-03,   8.00489634e-02,   1.31910846e-01,
            3.35768700e-01,  -2.42042281e-02,  -2.11791039e-01,
           -1.26590133e-01,  -1.88910916e-01],
         [  4.43792902e-02,   2.02522632e-02,  -6.07074983e-02,
           -9.67312902e-02,   2.12020308e-01,   6.95834011e-02,
           -6.08217344e-02,  -1.11877173e-01,  -1.36991471e-01,
           -1.09312944e-01,  -1.55035600e-01,   1.25695392e-01,
           -1.12895302e-01,  -6.38056360e-03,   1.76967606e-01,
           -7.13592544e-02,   8.82468820e-02,   4.64953370e-02,
           -1.28310800e-01,   1.23385750e-01,   1.60501584e-01,
            7.01602101e-02,  -5.93764260e-02,   2.78549880e-01,
            3.23386937e-01,  -1.90466300e-01,   1.31162524e-01,
            2.34162122e-01,  -9.24405307e-02,   2.70962924e-01,
           -8.43146667e-02,   1.14112362e-01],
         [  9.68578383e-02,   1.79333299e-01,  -8.03023800e-02,
            2.39331350e-01,   2.99801886e-01,  -3.09133343e-02,
            2.41331533e-01,  -3.92370038e-02,  -2.57563502e-01,
            2.11185142e-01,  -2.90331334e-01,   1.83838774e-02,
            9.35163647e-02,   2.14269638e-01,   9.88411158e-02,
           -8.04418921e-02,   8.74065012e-02,   3.18810940e-02,
           -3.36725086e-01,  -2.20069494e-02,   4.87504900e-02,
           -4.16390896e-02,  -1.06591219e-02,   9.28985178e-02,
            1.00533083e-01,   6.03426322e-02,  -5.08231372e-02,
            2.84853369e-01,  -1.52075782e-01,  -1.89665854e-01,
           -2.76992787e-02,   2.16894802e-02]],

        [[  2.94683009e-01,  -7.15339631e-02,   8.26825052e-02,
            3.21462184e-01,  -6.73102215e-02,   1.44019037e-01,
            4.72679175e-02,  -1.58224821e-01,   9.31795165e-02,
            2.89493978e-01,  -1.07274652e-01,   9.75685120e-02,
           -3.85841876e-02,   9.96139422e-02,   4.02126908e-02,
           -1.75894439e-01,  -1.11780331e-01,  -2.52204901e-03,
            3.26132506e-01,   3.20384987e-02,  -1.53329536e-01,
           -1.20808445e-01,  -8.11504796e-02,  -5.95527068e-02,
            1.50252849e-01,   3.17167044e-02,  -2.12079152e-01,
           -1.19683817e-01,  -6.81079552e-02,  -1.58276796e-01,
           -2.13025123e-01,   1.60720870e-01],
         [  1.87299863e-01,   1.57393720e-02,  -1.48509800e-01,
            1.06882058e-01,  -1.10206366e-01,   6.55771270e-02,
           -6.88072145e-02,  -7.65156150e-02,   6.44421652e-02,
           -1.93872750e-01,   3.09618423e-03,   3.09782535e-01,
            2.74671409e-02,   3.21311057e-02,  -1.27439871e-01,
            9.12116747e-03,  -8.41452926e-02,   6.92804381e-02,
           -6.16262779e-02,   1.17667109e-01,  -9.68986377e-03,
            3.69211212e-02,  -2.69705862e-01,   2.90275037e-01,
            2.21480563e-01,  -2.23053932e-01,  -1.90359563e-01,
           -1.92437559e-01,  -2.82803893e-01,   2.52191514e-01,
           -7.92431682e-02,   5.65051772e-02],
         [  6.13429882e-02,   1.96843222e-01,  -5.95502146e-02,
            2.66202092e-01,   6.94422647e-02,  -1.37132362e-01,
            2.01016501e-01,   1.71817258e-01,  -2.32148290e-01,
           -1.74583226e-01,  -2.09998503e-01,   1.57485917e-01,
           -1.43618375e-01,   5.31230122e-02,  -9.64114591e-02,
           -3.23060863e-02,  -1.30960390e-01,   1.85727447e-01,
           -2.88730085e-01,   1.44055545e-01,  -1.36961028e-01,
            1.00352153e-01,  -2.20564261e-01,   2.21732274e-01,
            2.82476664e-01,  -1.17832541e-01,  -3.74819279e-01,
           -2.79332191e-01,  -1.81901425e-01,  -1.42969191e-01,
           -2.57699303e-02,  -1.09167464e-01]],

        [[  2.67245293e-01,  -1.41062349e-01,   4.61927727e-02,
            2.38754213e-01,  -2.03006715e-01,  -1.45949826e-01,
            1.13139398e-01,   1.19740047e-01,   1.29993692e-01,
            9.23263654e-02,  -1.07762530e-01,   2.80060880e-02,
            3.05137694e-01,   1.64625138e-01,   1.50954118e-02,
            1.85116410e-01,   7.87090510e-02,  -2.62804985e-01,
            2.98409581e-01,  -2.60155857e-01,  -1.06169492e-01,
           -2.22783655e-01,   1.02914296e-01,   1.27250180e-01,
           -1.14263229e-01,  -7.67301023e-02,   5.36951087e-02,
           -8.77593234e-02,  -6.11138493e-02,  -2.00325876e-01,
           -4.43550795e-02,   7.10203638e-03],
         [ -1.12470880e-01,   7.72251561e-02,   1.23175241e-01,
           -4.65499014e-02,  -3.74535881e-02,  -1.56583741e-01,
           -6.61700964e-02,   1.11030892e-01,   6.85062930e-02,
           -8.81712418e-03,  -9.43786744e-03,   2.74511576e-01,
            2.23936900e-01,   1.96648613e-02,  -1.31028876e-01,
            2.45888114e-01,  -9.61085632e-02,  -2.62848467e-01,
           -3.96815464e-02,   6.41395301e-02,   8.84831995e-02,
            8.26489553e-02,   3.02937925e-01,   3.77060086e-01,
            1.58829778e-01,  -8.95430669e-02,   1.04797862e-01,
            5.83502240e-02,   7.10547045e-02,   1.58783123e-01,
            1.65774137e-01,   7.86777511e-02],
         [ -1.00251012e-01,   2.90597320e-01,   1.80200185e-03,
            2.35585183e-01,  -2.42672265e-01,  -8.07259604e-02,
           -2.25848958e-01,   1.33413553e-01,  -8.32605436e-02,
           -6.05838411e-02,   1.35989800e-01,  -1.61881763e-02,
            1.27626732e-01,  -2.86974553e-02,  -1.66393340e-01,
            2.11543649e-01,  -5.80087909e-03,  -1.73135504e-01,
           -2.54525542e-01,  -2.38333475e-02,  -9.04361084e-02,
            6.66605607e-02,   2.46418014e-01,   1.23475850e-01,
           -9.59546641e-02,  -1.28347166e-02,   2.73215711e-01,
           -5.29569909e-02,  -4.28033769e-02,  -1.31094247e-01,
           -9.57664251e-02,  -1.64446719e-02]]],


       [[[ -1.21580310e-01,  -5.75562194e-02,  -1.51527032e-01,
           -4.43086363e-02,  -2.09443644e-01,   2.88281113e-01,
           -1.75665915e-01,  -6.47465140e-02,  -9.85146835e-02,
            2.49344632e-02,  -1.31958619e-01,  -2.97667205e-01,
           -1.48425490e-01,   7.37937987e-02,   1.92833468e-01,
            6.40560612e-02,   2.07105517e-01,  -8.62287357e-03,
            5.51036969e-02,  -5.33807911e-02,  -1.73611730e-01,
            1.34339839e-01,   2.49549896e-01,  -2.91714430e-01,
           -4.51305956e-02,   1.70726135e-01,   2.60207474e-01,
            2.28356943e-01,  -1.26518115e-01,   1.53922155e-01,
           -1.00474805e-01,   5.40302396e-02],
         [ -2.07796857e-01,  -2.17086002e-02,  -1.35948032e-01,
           -1.95185632e-01,  -1.87489942e-01,   2.63071675e-02,
            3.99171151e-02,  -8.31259042e-02,   3.30794379e-02,
           -1.65620267e-01,  -1.15848947e-02,  -2.71513104e-01,
           -1.95693761e-01,   3.15864384e-02,   2.02953458e-01,
            7.47329593e-02,   8.28567445e-02,  -1.04106016e-01,
           -1.71690837e-01,  -2.81021446e-02,   5.09792492e-02,
           -4.96750474e-02,   2.01027602e-01,  -1.51808038e-01,
            1.67312101e-01,  -2.77804971e-01,   2.07497224e-01,
            1.15937099e-01,  -4.45560724e-01,   1.05665259e-01,
            1.41876265e-01,   1.88949451e-01],
         [ -1.05918147e-01,   1.91753075e-01,  -1.53361425e-01,
           -6.57143369e-02,  -6.05279393e-02,   1.60133660e-01,
            2.47026354e-01,  -9.73311290e-02,   9.56560895e-02,
            1.54246673e-01,  -4.28581350e-02,  -1.84161484e-01,
            1.01804756e-01,   2.25429490e-01,   2.12908670e-01,
           -1.10116275e-02,   2.18406230e-01,  -2.39828110e-01,
           -2.22948387e-01,   2.95485631e-02,   2.25750147e-03,
            2.00973339e-02,   2.15778843e-01,  -1.36410296e-01,
           -5.10556996e-02,  -9.19706747e-02,   9.75840017e-02,
           -1.25416582e-02,  -3.20058554e-01,  -1.07072748e-01,
           -4.92590442e-02,  -1.31313950e-01]],

        [[  8.14946964e-02,  -7.84561634e-02,  -1.19727410e-01,
           -1.90256894e-01,  -1.70657694e-01,   2.16916949e-02,
            1.36972651e-01,  -3.09645534e-01,  -1.65424526e-01,
            2.88678288e-01,  -6.87592030e-02,  -1.73641399e-01,
           -2.86430597e-01,   2.25101430e-02,  -1.85177550e-01,
           -3.42599422e-01,  -3.36679369e-02,   9.01746899e-02,
            1.08782098e-01,  -7.03399405e-02,  -1.88571751e-01,
            4.02961206e-03,  -6.81453571e-02,  -2.22920358e-01,
           -2.52413273e-01,   6.48043677e-02,  -9.81784984e-02,
           -5.16934276e-01,  -3.15212756e-01,   1.07788868e-01,
           -2.57139176e-01,   8.90427921e-03],
         [  1.40678927e-01,  -5.78723848e-02,   6.05273172e-02,
           -2.96495616e-01,  -3.11092556e-01,  -1.24942496e-01,
           -8.20459425e-03,  -2.46240333e-01,  -1.62427321e-01,
           -1.53109610e-01,   1.30335748e-01,  -2.77234346e-01,
           -2.73981035e-01,  -1.86765462e-01,   9.22534317e-02,
           -3.43793958e-01,  -1.18466228e-01,   1.37747273e-01,
           -2.20299989e-01,   1.88382059e-01,   2.93502565e-02,
            7.39212558e-02,  -2.17067733e-01,  -1.19790167e-01,
           -2.92939425e-01,  -8.30797255e-02,   1.35623604e-01,
           -3.70138675e-01,  -2.49033436e-01,   7.22875744e-02,
            1.16144508e-01,   1.81579486e-01],
         [  1.09378826e-02,   2.83368796e-01,   1.03195146e-01,
           -1.77223220e-01,  -5.72137088e-02,   8.61547366e-02,
            2.41884470e-01,  -2.72152841e-01,  -2.63860133e-02,
           -2.25724220e-01,   1.13554373e-01,  -1.29185915e-01,
            2.59189028e-02,  -1.20847635e-02,  -7.14073479e-02,
           -3.79924685e-01,   7.37789124e-02,   2.43394673e-01,
           -1.46801099e-01,  -8.36197566e-03,   1.63154662e-01,
            1.57399282e-01,  -1.30319819e-01,  -7.67681077e-02,
           -3.32908928e-01,   9.27517787e-02,   8.13083956e-04,
           -3.75504881e-01,  -3.05341899e-01,  -2.54997820e-01,
           -1.25763625e-01,  -2.88581342e-01]],

        [[ -1.85599551e-01,  -2.63575256e-01,   1.98205397e-01,
           -1.11431994e-01,   6.14176691e-02,  -3.54223400e-02,
            1.89266458e-01,  -2.41617247e-01,  -9.65962857e-02,
            2.89692312e-01,  -4.06112112e-02,  -1.95172042e-01,
            1.83482215e-01,  -1.73339114e-01,  -1.42952397e-01,
            1.18908420e-01,  -7.32353404e-02,   1.03965148e-01,
            1.46980509e-01,  -2.06196919e-01,  -1.49756834e-01,
            7.97588825e-02,  -1.02877237e-01,  -1.28832176e-01,
           -2.40316913e-01,   5.42852953e-02,  -2.10997552e-01,
            1.61446944e-01,   7.27323163e-03,  -1.04808830e-01,
            1.13498323e-01,   1.97389305e-01],
         [ -1.84454769e-01,   5.76627580e-03,   1.28191471e-01,
           -2.98667103e-01,   8.33245218e-02,  -1.95441276e-01,
           -1.10580496e-01,  -2.49849051e-01,  -1.52033314e-01,
           -1.94159105e-01,   7.00774938e-02,  -2.15495944e-01,
            1.86184987e-01,  -1.72487527e-01,   2.19852123e-02,
            2.39875659e-01,  -9.71724764e-02,   3.97904627e-02,
           -2.78480619e-01,  -9.61325318e-02,   9.26592350e-02,
            2.76693068e-02,  -1.98885798e-01,  -3.35392505e-02,
           -1.62690938e-01,  -1.41349465e-01,  -2.24265203e-01,
            1.84368119e-01,  -1.24851204e-01,   1.82822019e-01,
            1.20588563e-01,  -8.31033066e-02],
         [ -3.45476747e-01,   5.71880937e-02,   2.33921751e-01,
           -1.96731851e-01,  -8.66182148e-03,  -6.26697205e-03,
            1.87474266e-02,  -1.38272792e-01,  -8.02365988e-02,
           -8.74915197e-02,   1.71895772e-01,  -1.26560390e-01,
            8.14209227e-03,  -2.34869599e-01,  -1.92780599e-01,
            3.06478381e-01,  -2.78804749e-01,   2.64655709e-01,
           -6.80789426e-02,  -2.71801591e-01,   1.34652168e-01,
            9.60465148e-02,  -7.94228464e-02,  -2.00665846e-01,
           -2.07622200e-01,   1.28913656e-01,  -1.04826055e-01,
            1.55576944e-01,  -1.53008476e-01,  -4.80906963e-02,
            1.60379745e-02,  -2.50939280e-01]]],


       [[[ -2.37050474e-01,   2.11323835e-02,  -1.56677857e-01,
           -1.60708740e-01,  -1.12075239e-01,   2.24759400e-01,
           -1.99621841e-01,   3.08336139e-01,  -1.26182079e-01,
           -2.24975627e-02,   1.35577962e-01,   1.87044978e-01,
           -1.70747340e-01,   8.94553587e-02,   1.61434636e-01,
            1.94501460e-01,  -3.12114507e-01,  -2.01280285e-02,
           -1.05680697e-01,   2.33877882e-01,  -2.18436182e-01,
            7.70331621e-02,   1.41445383e-01,  -2.30931723e-03,
           -1.00911967e-01,   1.96404323e-01,  -1.86944574e-01,
           -6.70835078e-02,   9.10831094e-02,  -4.39837985e-02,
           -9.52214450e-02,  -1.33322338e-02],
         [  1.42587563e-02,  -3.90067101e-02,  -2.45458245e-01,
            1.86232210e-03,  -1.59119088e-02,   1.05542220e-01,
           -1.50441632e-01,   3.00452292e-01,   6.23457246e-02,
           -1.98512748e-02,  -2.07568817e-02,   2.77106147e-02,
            2.81246156e-02,   4.58632130e-03,   2.16000080e-01,
            1.51336640e-01,  -2.51182377e-01,   1.40423197e-02,
           -7.94187710e-02,  -1.52046885e-02,  -1.09899759e-01,
            6.93036318e-02,  -2.38678493e-02,  -3.68102826e-02,
           -7.77713209e-02,   5.41513525e-02,  -2.77368069e-01,
            6.61664642e-04,  -7.71465376e-02,   1.65828139e-01,
            2.20145762e-01,   9.17005390e-02],
         [  2.96383742e-02,   1.44974478e-02,  -1.66344494e-01,
            1.65247127e-01,  -6.13985211e-02,  -2.72594132e-02,
            1.51555106e-01,   3.15347426e-02,   2.48053595e-01,
           -1.58646470e-03,   2.82221437e-02,   1.96612954e-01,
            2.39938051e-01,   1.47123545e-01,   2.40382850e-01,
            2.47784913e-01,  -3.00300926e-01,  -2.99750239e-01,
            2.40399823e-01,  -5.23534380e-02,  -1.20442361e-01,
           -8.45162272e-02,  -2.16817502e-02,  -1.94857623e-02,
           -1.83520824e-01,   7.23034814e-02,  -1.91025108e-01,
           -1.06633537e-01,   5.19607812e-02,  -1.52267188e-01,
           -8.06662068e-02,  -2.64304936e-01]],

        [[  8.94459561e-02,  -1.58858076e-01,  -1.57863181e-02,
           -7.57365450e-02,   2.45511264e-01,   9.24031362e-02,
            1.26396641e-01,   2.78418034e-01,   4.15223325e-03,
            7.25560188e-02,   3.56462225e-02,   1.49491072e-01,
           -3.41258377e-01,  -2.23441437e-01,  -5.62544987e-02,
           -2.70274401e-01,   1.24193706e-01,  -1.92765176e-01,
           -5.83950663e-03,   2.84679800e-01,  -2.18584031e-01,
            6.06659688e-02,   8.28936547e-02,  -1.21734098e-01,
            9.14340839e-02,   2.74014920e-01,   2.37956241e-01,
           -1.40393063e-01,   6.21609837e-02,  -9.96074453e-02,
           -9.74423960e-02,   2.73629099e-01],
         [  1.28128007e-01,  -4.90596518e-02,   8.60757232e-02,
           -9.70384628e-02,   3.34005356e-02,  -1.27744481e-01,
           -3.00188689e-03,   2.08557829e-01,   2.20813543e-01,
           -1.35968283e-01,   1.22483321e-01,   1.59805208e-01,
           -1.12681635e-01,  -2.62074858e-01,  -1.67132854e-01,
           -2.83695042e-01,   1.68047443e-01,  -1.13053992e-01,
           -1.74632907e-01,   5.77015840e-02,   1.00831628e-01,
            1.41565487e-01,   2.13700712e-01,   1.00363091e-01,
            1.35200117e-02,  -1.70719117e-01,   2.33282566e-01,
           -1.87272459e-01,   1.32360652e-01,   1.00888327e-01,
            1.76792473e-01,   1.06947996e-01],
         [  1.35101497e-01,   1.25644296e-01,  -3.53548266e-02,
            9.17894617e-02,  -5.42196073e-02,  -7.82152936e-02,
            1.48640588e-01,   2.18967751e-01,   7.39523470e-02,
           -1.95749551e-01,   5.75974062e-02,   1.36818578e-02,
           -1.61617219e-01,  -2.66169697e-01,  -9.49831493e-03,
           -2.30185091e-01,   2.02358216e-01,  -2.01788038e-01,
            2.40144402e-01,   1.23942889e-01,   2.22582966e-01,
           -1.30575374e-01,   1.73439756e-01,  -1.29690096e-01,
           -5.82672581e-02,   2.03759566e-01,   1.21795587e-01,
           -4.70888726e-02,   2.70665716e-02,  -1.77159614e-03,
            1.29410371e-01,  -2.39312857e-01]],

        [[ -1.23795480e-01,  -1.57680124e-01,   1.43815041e-01,
            7.08854645e-02,   2.91939497e-01,  -2.22730041e-01,
            1.19871438e-01,   1.08897731e-01,  -3.65972146e-02,
            2.34888509e-01,  -2.33074445e-02,   9.41999182e-02,
            1.12414777e-01,  -6.55283332e-02,  -1.12323835e-01,
            1.53160676e-01,   1.68956384e-01,   6.02127351e-02,
           -1.46531954e-01,   2.40750939e-01,  -9.41699073e-02,
           -1.04233563e-01,  -1.43747747e-01,  -1.19547047e-01,
            2.43367404e-01,   1.32752135e-01,  -1.12336978e-01,
            1.59502998e-01,   1.35273486e-01,   9.71302241e-02,
            1.12237506e-01,   1.76645294e-01],
         [ -2.69909412e-01,  -1.54044598e-01,   2.12216422e-01,
           -3.47635821e-02,   2.60721564e-01,  -1.75203606e-01,
           -5.42846359e-02,   1.04866929e-01,   1.21852420e-01,
           -1.09049976e-01,   6.77854791e-02,  -4.74844240e-02,
            1.80550013e-02,   1.90902561e-01,  -2.88676955e-02,
           -3.03459112e-02,   2.62911797e-01,   2.02803075e-01,
           -2.13745803e-01,   1.42260268e-01,   2.69491822e-01,
            7.21223578e-02,  -1.65020704e-01,   1.54059649e-01,
            9.94092971e-02,  -7.45695978e-02,   4.19939905e-02,
            1.49609908e-01,   2.73325115e-01,   2.38769785e-01,
            2.12456092e-01,  -5.34561928e-04],
         [  3.29194739e-02,   1.59993619e-01,   1.37536973e-01,
           -1.05769031e-01,   8.90063420e-02,   1.19646437e-01,
           -5.13311708e-03,  -4.64539714e-02,   9.65850577e-02,
           -2.80943811e-01,   1.88942358e-01,   2.10694037e-02,
            7.52868876e-02,  -2.02930495e-02,  -2.02348590e-01,
           -6.33667856e-02,  -4.03034836e-02,   1.54713556e-01,
            4.41945553e-01,  -1.96480557e-01,   2.12213188e-01,
            3.09266821e-02,  -2.08586991e-01,  -6.78222254e-02,
            1.78300589e-01,   2.32440904e-02,   3.70176286e-02,
            3.94574940e-01,   3.19858015e-01,  -1.56174004e-01,
            1.91060111e-01,  -2.15559095e-01]]]], dtype=float32), array([-0.07238661, -0.07953043, -0.00754019,  0.05039214, -0.02832928,
       -0.05459623, -0.35866377, -0.00480054, -0.02035073,  0.03770317,
       -0.03970715, -0.0064709 , -0.01534878, -0.01584027,  0.03480292,
        0.00293724, -0.06888989, -0.08210214, -0.06710375, -0.35482815,
        0.05945725, -0.21264775, -0.00230046,  0.02895957,  0.0039381 ,
       -0.07198428, -0.00662383, -0.00420254,  0.29906318,  0.02663042,
       -0.11254848,  0.00054075], dtype=float32)]
*** layer config ***
{'name': 'dropout_1', 'trainable': True, 'rate': 0.25}
*** layer weights ***
[]
*** layer config ***
{'name': 'max_pooling2d_1', 'trainable': True, 'pool_size': (2, 2), 'padding': 'valid', 'strides': (2, 2), 'data_format': 'channels_last'}
*** layer weights ***
[]
*** layer config ***
{'name': 'conv2d_2', 'trainable': True, 'filters': 64, 'kernel_size': (3, 3), 'strides': (1, 1), 'padding': 'same', 'data_format': 'channels_last', 'dilation_rate': (1, 1), 'activation': 'relu', 'use_bias': True, 'kernel_initializer': {'class_name': 'VarianceScaling', 'config': {'scale': 1.0, 'mode': 'fan_avg', 'distribution': 'uniform', 'seed': None}}, 'bias_initializer': {'class_name': 'Zeros', 'config': {}}, 'kernel_regularizer': None, 'bias_regularizer': None, 'activity_regularizer': None, 'kernel_constraint': None, 'bias_constraint': None}
*** layer weights ***
[array([[[[ -4.41970289e-01,  -1.60609037e-02,   2.92518079e-01, ...,
            8.75983611e-02,  -7.17277080e-02,  -8.36940110e-02],
         [  2.06328377e-01,   7.01643705e-01,   4.48753238e-02, ...,
            3.60398330e-02,   1.65549085e-01,   8.11106041e-02],
         [  1.22123659e-01,  -1.14670858e-01,  -2.46094033e-01, ...,
            4.10717055e-02,  -1.19260229e-01,  -1.93715859e-02],
         ..., 
         [ -1.79026127e-01,  -4.21146095e-01,   1.54540688e-01, ...,
           -4.48059589e-02,  -3.52068096e-01,  -8.59945938e-02],
         [  3.01174615e-02,   2.47479454e-01,   1.16744014e-02, ...,
           -7.32449368e-02,  -1.69165373e-01,  -9.19276774e-02],
         [ -1.86693609e-01,  -4.27823216e-01,   1.51228279e-01, ...,
            5.23357391e-02,  -8.73988569e-02,  -8.33587348e-02]],

        [[ -1.41844288e-01,  -2.59792536e-01,  -4.51302677e-02, ...,
           -3.71709615e-02,  -2.50022560e-01,  -8.84162486e-02],
         [  3.24621558e-01,  -1.56784743e-01,  -7.58699104e-02, ...,
           -1.17356226e-01,   1.26712292e-01,  -3.54609601e-02],
         [  2.23145530e-01,  -1.57112584e-01,  -2.64786154e-01, ...,
           -3.12404963e-03,   1.20712727e-01,  -3.93899918e-01],
         ..., 
         [ -1.38545826e-01,  -2.86189467e-01,   4.22018673e-03, ...,
           -4.65659536e-02,  -2.30688691e-01,  -2.56454460e-02],
         [  3.20448875e-02,  -6.15039580e-02,  -1.66183099e-01, ...,
           -1.15671441e-01,  -1.71412289e-01,  -1.04440339e-01],
         [ -1.62077576e-01,  -4.86060493e-02,   5.67718558e-02, ...,
           -8.74782503e-02,   9.05719250e-02,  -3.14160511e-02]],

        [[  6.12478554e-02,  -1.28083944e-01,  -4.75470871e-01, ...,
            7.03830272e-02,   2.51991153e-02,  -2.12189510e-01],
         [  1.99516416e-01,  -3.35006028e-01,  -1.37277856e-03, ...,
            2.05818880e-02,   1.74094200e-01,  -1.13598108e-01],
         [  1.60598494e-02,   1.33300394e-01,   6.27928823e-02, ...,
           -9.89970341e-02,  -1.36638194e-01,   5.02720401e-02],
         ..., 
         [ -5.49503975e-02,   1.52704969e-01,   2.78409738e-02, ...,
           -1.21880166e-01,  -6.94743767e-02,   6.12110831e-02],
         [  9.83020067e-02,  -2.07353339e-01,  -1.05745206e-02, ...,
           -5.53219765e-02,  -2.34622389e-01,   2.77581103e-02],
         [ -8.10752362e-02,   3.14245254e-01,   7.10589811e-02, ...,
           -9.23307166e-02,   2.88558062e-02,   2.20852792e-02]]],


       [[[ -3.10400337e-01,  -2.21033338e-02,  -1.28344715e-01, ...,
           -4.27019633e-02,   1.00485303e-01,  -9.76249501e-02],
         [ -3.72446910e-03,   5.32233179e-01,   7.09074065e-02, ...,
           -1.15327321e-01,   1.60347540e-02,   2.32660502e-01],
         [ -4.24554907e-02,   6.42040372e-03,  -7.76854008e-02, ...,
           -5.20682521e-02,  -2.79193014e-01,   1.00977033e-01],
         ..., 
         [  3.63467224e-02,  -2.58802295e-01,  -1.09238602e-01, ...,
           -1.82735939e-02,  -1.06758764e-02,  -1.06866196e-01],
         [ -2.52566725e-01,   1.56608626e-01,  -1.43871740e-01, ...,
           -1.02837540e-01,  -1.14673376e-02,  -9.30942446e-02],
         [  1.15718126e-01,  -2.59529322e-01,   1.21856891e-02, ...,
            1.46960691e-02,  -7.04233125e-02,  -1.24657698e-01]],

        [[ -2.43452743e-01,  -2.71121502e-01,   1.94535695e-03, ...,
           -9.34288576e-02,  -2.40281194e-01,  -1.71092510e-01],
         [  4.92675696e-03,  -3.87050480e-01,  -1.21584190e-02, ...,
           -6.60648346e-02,  -2.64502048e-01,   1.29735082e-01],
         [ -2.69508623e-02,   7.48802349e-02,  -1.50398761e-02, ...,
           -7.56462738e-02,   4.44807373e-02,  -2.12363958e-01],
         ..., 
         [  6.26397878e-02,  -5.55544458e-02,  -2.13546515e-01, ...,
           -1.11809932e-01,  -5.82629554e-02,   5.93122141e-03],
         [ -4.82367098e-01,  -2.00350985e-01,  -1.82570294e-01, ...,
           -1.15374727e-02,  -3.63757927e-03,  -4.84977104e-02],
         [  6.64864406e-02,   3.14305544e-01,  -2.05926539e-04, ...,
           -4.67091016e-02,  -6.08492978e-02,  -1.41513780e-01]],

        [[ -1.54737934e-01,  -1.99688710e-02,  -3.56364846e-01, ...,
            3.55664864e-02,   2.88351104e-02,  -2.88982749e-01],
         [ -9.66427661e-03,  -5.54457664e-01,   3.51044238e-02, ...,
            2.38635708e-02,  -1.54783621e-01,  -2.75966804e-02],
         [  2.45531704e-02,   3.39954019e-01,   1.83242202e-01, ...,
           -3.91067937e-02,  -1.63780674e-01,   6.50917068e-02],
         ..., 
         [ -4.45668073e-03,   2.92125314e-01,  -1.31163582e-01, ...,
           -1.38241097e-01,   3.98990177e-02,   5.96468858e-02],
         [ -3.54022235e-01,  -1.76397040e-01,   6.92173280e-03, ...,
           -1.43325422e-02,  -3.70902084e-02,   3.92829478e-02],
         [  1.95379294e-02,   4.34698641e-01,  -1.00071900e-01, ...,
           -1.17600240e-01,  -5.88268694e-03,   1.80993564e-02]]],


       [[[  9.97409299e-02,   3.82005751e-01,   8.09770077e-02, ...,
           -9.58341081e-03,   1.67984426e-01,  -1.75414249e-01],
         [ -9.97319147e-02,   4.44038868e-01,   1.15909852e-01, ...,
           -4.81510386e-02,   2.13274449e-01,   2.46228442e-01],
         [  1.58504546e-01,   6.75131679e-02,  -8.47957954e-02, ...,
            4.73506888e-03,  -1.74566805e-01,  -6.42025173e-02],
         ..., 
         [ -4.65959050e-02,  -7.28254095e-02,  -1.64857507e-01, ...,
           -4.27644467e-03,   5.17677329e-02,  -5.88737875e-02],
         [ -9.81240943e-02,   1.64316237e-01,   1.37145177e-01, ...,
           -6.08959310e-02,  -3.90300639e-02,  -1.54581338e-01],
         [  1.49168432e-01,  -1.72945887e-01,  -2.98627943e-01, ...,
           -4.74379808e-02,   6.31816825e-03,  -1.45312116e-01]],

        [[ -9.31007192e-02,  -2.41957098e-01,   7.26659670e-02, ...,
           -9.84470174e-02,  -6.28544390e-02,  -2.22736225e-01],
         [ -1.32996187e-01,  -5.03859222e-01,   1.01452090e-01, ...,
           -7.43597886e-03,  -1.51752055e-01,   5.44463694e-02],
         [ -4.49394167e-04,   6.42655790e-02,   3.87332700e-02, ...,
           -6.45269677e-02,   2.17691019e-01,  -1.49612084e-01],
         ..., 
         [  1.32823419e-02,  -1.46225154e-01,  -1.90119565e-01, ...,
           -1.40398115e-01,  -9.50344000e-03,   7.94194639e-03],
         [ -2.12525427e-01,   2.91359145e-02,   1.42573118e-01, ...,
           -1.31946310e-01,   1.74633726e-01,   1.87139050e-03],
         [  2.28045464e-01,   3.71166021e-02,  -4.20052022e-01, ...,
           -1.38222715e-02,  -4.57987413e-02,  -1.54839128e-01]],

        [[ -8.31500664e-02,   1.09508925e-03,   7.21986033e-03, ...,
            6.85799792e-02,   1.84394717e-02,  -4.03291821e-01],
         [ -2.33794004e-02,  -3.42032135e-01,   2.00747013e-01, ...,
           -8.78933445e-02,   1.65603146e-01,   1.31125338e-02],
         [ -8.76639038e-02,   1.75680324e-01,   2.95574307e-01, ...,
           -7.01660961e-02,   6.05014972e-02,  -3.09456177e-02],
         ..., 
         [ -9.37414616e-02,   2.88650900e-01,  -2.12485254e-01, ...,
           -3.41499131e-03,   1.43681645e-01,   2.62229890e-01],
         [ -8.85345414e-02,  -2.39640586e-02,   1.98917359e-01, ...,
           -1.83598474e-02,   1.92167103e-01,  -1.86793786e-02],
         [  1.07080899e-01,   9.69380736e-02,  -3.78311187e-01, ...,
           -9.52203944e-02,  -3.65172699e-02,   8.71244445e-02]]]], dtype=float32), array([-0.19035384, -0.19251104, -0.36817706,  0.11449756, -0.11816643,
       -0.03060296, -0.28365096,  0.07095074, -0.13419637, -0.07175408,
       -0.2392782 ,  0.27535129, -0.06255803, -0.03316723,  0.38047928,
       -0.26886529,  0.11196937,  0.25066137, -0.27689713, -0.07135688,
       -0.52143615, -0.11440767,  0.03436876, -0.02179492, -0.08458123,
       -0.02941011, -0.15113682,  0.19053289, -0.19096467,  0.39054802,
       -0.02464367,  0.10068572,  0.19264181,  0.09824236, -0.03883183,
        0.00085406,  0.01518005, -0.11312447, -0.09621627,  0.14646818,
       -0.02555555,  0.02477004, -0.04985208, -0.25243124, -0.08012648,
       -0.18975684, -0.01149661, -0.07410653, -0.14736737, -0.08552123,
        0.03730194, -0.09677422,  0.05360971,  0.01962034,  0.0015885 ,
       -0.25417987, -0.06057473,  0.04895283, -0.08477163,  0.19417317,
       -0.03995108, -0.04450044,  0.02419005,  0.21485855], dtype=float32)]
*** layer config ***
{'name': 'dropout_2', 'trainable': True, 'rate': 0.25}
*** layer weights ***
[]
*** layer config ***
{'name': 'max_pooling2d_2', 'trainable': True, 'pool_size': (2, 2), 'padding': 'valid', 'strides': (2, 2), 'data_format': 'channels_last'}
*** layer weights ***
[]
*** layer config ***
{'name': 'flatten_1', 'trainable': True}
*** layer weights ***
[]
*** layer config ***
{'name': 'dropout_3', 'trainable': True, 'rate': 0.25}
*** layer weights ***
[]
*** layer config ***
{'name': 'dense_1', 'trainable': True, 'units': 1024, 'activation': 'relu', 'use_bias': True, 'kernel_initializer': {'class_name': 'VarianceScaling', 'config': {'scale': 1.0, 'mode': 'fan_avg', 'distribution': 'uniform', 'seed': None}}, 'bias_initializer': {'class_name': 'Zeros', 'config': {}}, 'kernel_regularizer': None, 'bias_regularizer': None, 'activity_regularizer': None, 'kernel_constraint': None, 'bias_constraint': None}
*** layer weights ***
[array([[  5.65213338e-03,   2.66574591e-01,  -1.23188213e-01, ...,
          3.16478387e-02,   1.96513167e-04,   4.13334072e-02],
       [ -3.31206918e-02,  -1.90956131e-01,  -7.24449977e-02, ...,
         -4.39804383e-02,   4.68366258e-02,  -4.43338230e-02],
       [ -3.64003628e-02,  -2.30592832e-01,  -1.59324333e-01, ...,
          2.12640569e-01,  -4.74519990e-02,   4.38614702e-03],
       ..., 
       [  3.77599560e-02,   5.52359261e-02,  -4.35520038e-02, ...,
         -4.62582149e-02,  -2.81102024e-02,   1.49856722e-02],
       [  1.53822705e-01,   1.53293908e-01,  -2.23957986e-01, ...,
         -2.04870805e-01,   1.14491843e-01,   4.42974977e-02],
       [  2.40811735e-01,  -9.28772166e-02,  -2.15456292e-01, ...,
          7.39696026e-02,  -5.76087460e-02,  -4.42866981e-02]], dtype=float32), array([-0.0864348 , -0.25872082, -0.12599029, ...,  0.09544419,
       -0.07449651, -0.04294484], dtype=float32)]
*** layer config ***
{'name': 'dropout_4', 'trainable': True, 'rate': 0.25}
*** layer weights ***
[]
*** layer config ***
{'name': 'dense_2', 'trainable': True, 'units': 10, 'activation': 'softmax', 'use_bias': True, 'kernel_initializer': {'class_name': 'VarianceScaling', 'config': {'scale': 1.0, 'mode': 'fan_avg', 'distribution': 'uniform', 'seed': None}}, 'bias_initializer': {'class_name': 'Zeros', 'config': {}}, 'kernel_regularizer': None, 'bias_regularizer': None, 'activity_regularizer': None, 'kernel_constraint': None, 'bias_constraint': None}
*** layer weights ***
[array([[ 0.29320475, -0.06082878, -0.19705957, ..., -0.19107774,
        -0.32814771,  0.14389846],
       [ 0.11159877,  0.11661153,  0.09552385, ..., -0.43988299,
         0.02224717,  0.14442205],
       [-0.46691915, -0.08237098,  0.1126985 , ..., -0.0998428 ,
         0.21386819, -0.00282615],
       ..., 
       [ 0.13014837,  0.0242821 ,  0.04860487, ..., -0.40499657,
         0.05896665,  0.05592585],
       [-0.01254985, -0.16620943,  0.23459297, ..., -0.01895915,
         0.13199469, -0.12774624],
       [ 0.17199194, -0.05493652, -0.10203388, ..., -0.10920629,
        -0.05771308,  0.10613766]], dtype=float32), array([-0.19072473, -0.35887241, -0.5733934 ,  0.15313897,  0.51211321,
        0.19750369,  0.30282977, -0.09594921, -0.22598495,  0.18704012], dtype=float32)]
In [96]:


import codecs, json