*** mnist layer config ***
{'name': 'conv2d_1', 'trainable': True, 'batch_input_shape': (None, 28, 28, 1), 'dtype': 'float32', 'filters': 16, 'kernel_size': (5, 5), 'strides': (1, 1), 'padding': 'valid', 'data_format': 'channels_last', 'dilation_rate': (1, 1), 'activation': 'relu', 'use_bias': True, 'kernel_initializer': {'class_name': 'VarianceScaling', 'config': {'scale': 1.0, 'mode': 'fan_avg', 'distribution': 'uniform', 'seed': None}}, 'bias_initializer': {'class_name': 'Zeros', 'config': {}}, 'kernel_regularizer': None, 'bias_regularizer': None, 'activity_regularizer': None, 'kernel_constraint': None, 'bias_constraint': None}
*** mnist layer weights ***
[array([[[[  4.92317006e-02,   1.92309506e-02,  -2.68847972e-01,
            2.35979278e-02,  -7.38708004e-02,  -7.15121329e-02,
            5.27472869e-02,  -8.13765824e-02,   9.36493725e-02,
            8.48186016e-02,  -2.39406433e-02,   1.84871137e-01,
            1.61638826e-01,   2.71603435e-01,  -1.43410843e-02,
            1.25588968e-01]],

        [[  6.06635511e-02,   4.43167277e-02,  -1.16088450e-01,
            3.96623276e-02,  -1.00738816e-01,  -4.22607586e-02,
            1.07399903e-01,  -8.85854810e-02,   1.33927926e-01,
            7.45391399e-02,   3.91211584e-02,  -7.58648012e-03,
            2.28151858e-01,   1.20101005e-01,   2.23524235e-02,
           -2.56764501e-01]],

        [[  3.63890640e-02,  -1.77471668e-01,   6.53554425e-02,
            1.65251523e-01,  -1.24949731e-01,  -4.43900302e-02,
            3.19813997e-01,   1.81011006e-01,  -5.43739982e-02,
           -1.42425895e-01,   2.73019403e-01,  -2.84746706e-01,
            1.29831946e-02,  -6.01257384e-02,   2.98802108e-01,
           -3.70412230e-01]],

        [[  7.09033832e-02,  -9.20452774e-02,   1.95887715e-01,
            1.86235130e-01,  -8.90343562e-02,   1.12094535e-02,
            2.51568913e-01,   9.63427573e-02,  -1.31381273e-01,
           -2.47347996e-01,   2.14766815e-01,   2.12177336e-01,
           -2.65791327e-01,   1.64517343e-01,   3.22405636e-01,
           -1.54734299e-01]],

        [[ -1.41831204e-01,   7.97840208e-02,   1.30689710e-01,
            1.48216888e-01,  -2.53431886e-01,   4.51281592e-02,
            2.74810344e-01,   1.06343426e-01,  -2.82365382e-01,
           -2.85182923e-01,  -1.55818388e-01,   1.26503825e-01,
           -1.71137467e-01,   1.96879610e-01,   1.99058965e-01,
           -5.18564284e-02]]],


       [[[  2.22860612e-02,  -1.97409749e-01,  -9.96989459e-02,
            2.18983442e-01,  -1.43872708e-01,  -1.19453721e-01,
           -1.68120384e-01,  -2.15245873e-01,   9.25466493e-02,
           -8.13885331e-02,  -9.50136185e-02,   1.22084178e-01,
            1.72031209e-01,   8.36997703e-02,  -3.38297673e-02,
            7.87705556e-02]],

        [[  5.08663282e-02,  -2.66690165e-01,   2.57064342e-01,
            1.13476470e-01,   1.53423458e-01,  -3.31146978e-02,
           -1.00083873e-01,  -4.50915545e-02,   2.48154044e-01,
           -2.39621729e-01,  -1.42994775e-02,  -3.85893106e-01,
            1.77327991e-01,  -6.55313358e-02,  -2.38383394e-02,
           -5.44135235e-02]],

        [[ -9.14669186e-02,  -2.62402743e-01,   3.23810428e-01,
            1.62977979e-01,   8.98075551e-02,   6.85209781e-02,
            1.55166900e-02,   1.10466048e-01,   1.15156040e-01,
           -2.71935165e-01,  -1.13077357e-01,  -4.69344020e-01,
           -1.67890683e-01,   1.39861941e-01,   1.57048866e-01,
            5.98288737e-02]],

        [[  9.33013484e-03,   5.91593161e-02,   9.41173881e-02,
            1.92746505e-01,   8.13905969e-02,  -5.51797636e-02,
           -6.45576790e-03,  -1.24796502e-01,   1.56539708e-01,
           -1.06781244e-01,   2.09948093e-01,   1.69311054e-02,
           -1.78803533e-01,   8.17361847e-02,   1.83884814e-01,
            2.17596754e-01]],

        [[ -2.25504600e-02,   2.46387541e-01,  -1.34998336e-01,
           -1.12836674e-01,  -1.33253887e-01,  -6.05770014e-02,
           -2.89043076e-02,  -1.07077725e-01,   5.49134985e-03,
            9.58642960e-02,   7.13611320e-02,   2.86309123e-01,
           -1.23440854e-01,  -1.12114541e-01,   2.10875526e-01,
           -3.91039904e-03]]],


       [[[  2.68220045e-02,  -4.02189881e-01,   2.31761426e-01,
           -1.92608964e-02,   1.70874447e-01,  -1.35304108e-01,
           -1.79297641e-01,  -2.38726348e-01,  -2.17785403e-01,
           -2.87904143e-02,  -1.54671595e-01,   1.98956862e-01,
            3.01474273e-01,  -2.08455622e-02,  -1.72933757e-01,
            1.62451461e-01]],

        [[ -5.58564179e-02,  -1.70626163e-01,   3.44166279e-01,
           -6.49496391e-02,   7.65943602e-02,   2.17638075e-01,
           -4.24854547e-01,  -1.41189545e-01,   2.07203612e-01,
           -1.99792117e-01,  -1.23682581e-01,  -1.78905323e-01,
            6.68060109e-02,   6.84077591e-02,  -1.75204292e-01,
            1.10774904e-01]],

        [[ -1.63298666e-01,  -5.90116158e-02,   8.39403719e-02,
            5.89788444e-02,   2.80662645e-02,   1.90605476e-01,
           -5.38628578e-01,   2.49655694e-01,   2.85582960e-01,
            2.38578513e-01,  -2.00747773e-01,  -1.19242266e-01,
           -5.02841696e-02,   6.97660670e-02,  -1.14114299e-01,
            2.18342811e-01]],

        [[  1.09718278e-01,   2.62480706e-01,  -1.73454031e-01,
           -4.51372489e-02,   1.69197634e-01,  -1.48974940e-01,
           -2.92243779e-01,   3.62944975e-02,   2.56960839e-01,
            3.71217757e-01,   1.87472597e-01,   6.55278284e-03,
           -3.04638445e-01,  -8.96469411e-03,   7.41221905e-02,
           -6.38803616e-02]],

        [[ -9.48072225e-02,   2.04796731e-01,  -1.76144451e-01,
           -3.10298711e-01,   1.05146438e-01,  -2.58320391e-01,
           -5.34576103e-02,  -4.46525551e-02,   4.84564379e-02,
            3.06168675e-01,  -2.62882691e-02,   1.60138160e-01,
           -2.68782347e-01,  -3.63503903e-01,   2.28279948e-01,
           -1.10330269e-01]]],


       [[[  1.24242157e-01,  -5.01338542e-01,   6.25178814e-02,
           -3.80557105e-02,  -7.77578428e-02,  -7.76750445e-02,
            2.04420149e-01,  -1.11750595e-01,  -3.62022877e-01,
            1.11677654e-01,  -2.59326547e-02,   1.23098522e-01,
            1.48701310e-01,  -7.85595179e-02,  -2.41691142e-01,
            1.00068755e-01]],

        [[  1.11742973e-01,  -4.73074690e-02,   3.08153294e-02,
            5.77878132e-02,  -1.39258131e-01,   2.43607298e-01,
           -3.57073173e-02,  -2.76757270e-01,  -1.76987052e-01,
            2.01109216e-01,  -1.45745948e-01,   2.96340466e-01,
            5.17196767e-02,  -1.04775675e-01,  -4.07449991e-01,
            1.33935481e-01]],

        [[ -9.37732086e-02,   1.33053929e-01,  -4.55544710e-01,
            8.10103714e-02,  -1.67951018e-01,  -1.32648543e-01,
           -2.80590653e-01,   1.40385374e-01,  -5.11816442e-02,
            2.19689950e-01,  -6.19800849e-05,  -8.13056901e-02,
           -6.10629097e-02,  -1.59784585e-01,  -4.08138812e-01,
            1.95304807e-02]],

        [[  1.26640305e-01,   2.15227798e-01,  -3.74556512e-01,
           -2.37265870e-01,  -1.83290362e-01,  -3.05304319e-01,
           -3.08676749e-01,  -8.96352530e-02,  -1.32174298e-01,
            7.22016171e-02,   2.51419753e-01,  -3.15626919e-01,
           -1.76026702e-01,  -4.45730329e-01,  -3.41915309e-01,
           -5.03900200e-02]],

        [[ -8.13367590e-03,   5.97126484e-02,  -1.18486406e-02,
           -1.76224321e-01,   8.74461830e-02,  -9.26162153e-02,
           -2.27544054e-01,   1.71318110e-02,   1.23410441e-01,
           -8.74432698e-02,  -8.95382166e-02,  -4.88444306e-02,
           -9.24594626e-02,  -4.81941283e-01,   1.19782358e-01,
           -1.30487084e-01]]],


       [[[ -3.10581387e-03,  -1.55862495e-01,   6.03400208e-02,
           -2.06528768e-01,  -1.97990350e-02,  -8.78127106e-03,
            1.21326692e-01,  -1.00629315e-01,  -2.32638404e-01,
            4.99073341e-02,  -2.23230068e-02,  -9.00913845e-04,
            1.18386686e-01,  -4.09151018e-01,  -1.75876155e-01,
           -1.84065700e-02]],

        [[  1.40118644e-01,   4.42123450e-02,  -3.13145757e-01,
           -1.31014556e-01,  -3.33648128e-03,   2.48327464e-01,
            3.55916262e-01,  -3.28336537e-01,  -2.78765261e-01,
            1.77045345e-01,  -1.82727687e-02,   1.68424740e-01,
            6.72961473e-02,  -5.56016147e-01,  -1.57742232e-01,
           -1.39709339e-01]],

        [[  3.19116004e-02,   8.77076015e-02,  -2.25583732e-01,
           -3.45204085e-01,   6.34896904e-02,   1.05692528e-01,
            2.29228318e-01,  -1.39782960e-02,  -1.47814766e-01,
           -1.13576598e-01,   8.77542868e-02,   7.01331794e-02,
           -1.14125937e-01,  -5.29351771e-01,  -2.27273285e-01,
            8.50974396e-02]],

        [[  2.52979603e-02,   9.25457254e-02,   1.50998041e-01,
           -1.66567832e-01,  -1.59579083e-01,  -5.55416234e-02,
            2.45168194e-01,   1.85696743e-02,  -5.92518002e-02,
           -1.39818415e-01,   1.74224809e-01,  -2.02910170e-01,
           -1.47400647e-01,  -2.61325687e-01,  -1.23498328e-01,
            9.98773053e-02]],

        [[ -1.00480616e-01,   6.03352860e-03,   2.13145196e-01,
           -4.50927131e-02,   6.27003983e-02,   1.15011245e-01,
            2.39803344e-02,   1.56765893e-01,  -6.08798787e-02,
           -1.06200375e-01,  -1.79982767e-01,  -8.39451179e-02,
           -8.35424569e-03,  -1.05959162e-01,   5.19334227e-02,
            1.62184238e-01]]]], dtype=float32), array([-0.22810645, -0.02979142, -0.13719949, -0.03182339, -0.01259976,
       -0.08414232,  0.01776184, -0.11032965, -0.08114214, -0.05320494,
       -0.22760247, -0.05956283, -0.00514234,  0.19110614, -0.06121021,
       -0.09773685], dtype=float32)]